31 13 25 14 32 33 15 7 19 37 26 34 27 35 28 43 0 
 37 7 1 38 19 2 13 31 8 14 39 15 20 25 32 21 33 3 4 22 16 17 5 40 34 9 44 0 
 25 37 1 19 7 31 32 13 33 20 8 14 38 39 34 15 21 26 27 9 22 10 23 2 28 43 0 
 7 13 8 1 9 2 19 14 31 32 25 15 33 26 16 34 3 10 4 11 17 27 18 20 44 0 
 31 19 20 21 25 26 27 32 13 7 14 33 1 15 28 2 22 29 3 34 4 8 30 5 9 23 10 37 16 43 0 
 1 37 31 2 3 4 32 5 33 13 34 43 0 
 19 37 1 2 31 25 3 4 32 5 13 38 7 43 0 
 37 25 31 13 26 19 38 7 44 0 
 25 13 14 26 27 15 7 16 8 31 32 28 33 9 10 1 11 37 2 34 3 17 35 18 44 0 
 1 7 2 25 13 31 19 3 8 37 26 4 20 14 15 21 38 32 5 16 6 22 39 33 23 40 9 34 44 0 
 1 31 25 13 7 32 2 37 3 33 34 38 8 39 14 35 19 26 40 20 44 0 
 37 1 2 13 7 19 20 38 14 25 21 26 31 39 27 28 29 15 40 32 33 22 23 30 34 35 24 3 4 5 6 8 44 0 
 1 37 13 38 7 39 19 43 0 
 37 13 19 20 1 25 21 31 22 38 32 39 33 40 34 41 44 0 
 1 31 7 19 13 2 37 38 3 25 26 20 4 39 27 5 28 14 8 29 21 9 40 6 15 22 41 23 24 32 42 16 44 0 
 19 20 7 25 8 9 26 10 37 21 1 13 2 38 3 4 22 14 39 23 5 31 6 15 44 0 
 25 13 7 19 37 26 31 32 33 1 34 38 14 15 16 35 17 20 44 0 
 19 25 37 1 20 7 38 21 26 39 27 22 13 2 23 14 31 40 3 28 44 0 
 25 7 13 1 19 14 20 8 37 9 10 21 31 43 0 
 19 25 26 27 1 20 21 37 13 31 38 2 32 22 28 23 33 7 29 8 30 3 14 34 4 5 35 43 0 
 37 25 13 7 31 1 14 19 15 32 38 33 8 2 9 3 16 43 0 
 13 25 37 14 7 38 26 8 1 27 39 2 40 19 3 9 20 21 4 15 44 0 
 13 1 31 32 2 3 37 25 14 19 15 16 7 38 33 26 8 4 34 35 5 36 20 43 0 
 25 13 1 19 7 20 2 21 26 14 15 31 22 37 32 27 28 29 3 23 30 38 8 43 0 
 25 26 27 7 31 28 13 14 32 19 20 15 8 37 21 9 22 38 39 23 33 43 0 
 31 37 13 32 14 25 7 15 16 17 33 19 38 1 18 26 27 8 20 2 34 43 0 
 37 1 2 7 31 3 38 4 13 25 8 39 40 5 41 9 19 42 32 20 26 33 21 10 27 22 11 28 29 6 44 0 
 31 37 32 38 1 39 13 19 20 2 7 14 25 3 40 21 4 15 22 41 5 42 23 16 33 24 34 43 0 
 13 14 31 32 1 37 19 15 20 7 16 21 25 43 0 
 37 38 7 8 13 1 9 19 39 20 40 14 21 25 22 15 2 26 44 0 
 25 7 1 8 26 31 2 19 27 28 20 13 21 14 3 29 32 15 30 33 9 34 4 43 0 
 1 13 2 3 4 7 31 37 25 32 8 19 14 15 38 20 33 16 26 27 17 21 28 18 34 9 44 0 
 7 37 38 19 13 39 25 40 20 21 26 41 27 14 42 28 31 15 22 23 29 1 16 32 30 2 8 9 33 24 17 34 3 4 44 0 
 7 19 1 31 20 37 8 32 21 2 3 22 23 33 4 9 10 13 11 38 25 34 44 0 
 7 8 31 9 19 10 13 25 37 20 26 38 32 27 28 33 21 14 22 34 39 1 15 23 16 43 0 
 19 7 25 26 1 8 2 27 28 20 37 31 9 32 3 21 10 22 23 38 44 0 
 19 13 31 25 7 37 8 14 1 15 20 2 38 39 9 16 44 0 
 31 13 32 19 14 1 7 25 8 9 20 37 38 26 27 39 10 28 11 12 15 2 16 21 17 43 0 
 31 25 13 19 37 38 32 7 20 8 1 9 2 33 3 39 4 43 0 
 19 37 13 38 1 25 31 2 7 43 0 
 19 37 20 25 21 1 26 38 22 43 0 
 7 1 31 19 8 2 37 20 13 25 21 22 26 27 23 14 3 15 32 4 28 5 38 9 44 0 
 25 19 31 37 20 32 26 38 39 40 27 21 1 7 33 22 2 13 28 43 0 
 7 13 19 20 25 8 14 1 15 2 3 16 26 4 21 17 37 5 9 43 0 
 7 13 8 19 25 20 26 27 14 21 37 28 38 15 16 29 30 31 39 40 22 32 17 33 44 0 
 25 26 37 13 7 19 20 31 27 28 21 22 29 32 33 1 14 23 30 15 38 16 17 39 18 40 2 8 44 0 
 37 19 38 25 26 13 1 39 14 2 27 7 44 0 
 13 19 7 1 2 25 8 26 27 31 14 3 37 20 9 32 10 43 0 
 13 25 7 19 8 9 14 15 31 16 26 17 10 1 32 33 27 20 21 2 34 35 18 11 3 4 28 43 0 
 7 19 25 37 8 20 9 21 22 1 10 43 0 
 31 13 1 19 14 32 15 20 21 2 37 38 39 22 40 7 23 25 44 0 
 19 37 38 1 25 26 20 21 31 13 27 39 28 7 29 40 22 8 14 23 41 24 32 2 33 15 16 42 30 43 0 
 37 19 20 7 8 31 9 38 10 13 21 32 25 11 12 14 22 39 26 23 24 33 1 40 34 35 15 43 0 
 37 25 19 38 13 20 31 21 7 8 1 43 0 
 25 19 37 1 2 26 7 3 4 31 32 8 9 33 27 13 20 38 10 39 28 29 40 5 34 14 11 35 36 6 15 43 0 
 13 1 25 26 37 14 7 19 20 38 27 8 21 39 15 2 31 22 16 32 33 43 0 
 31 7 37 38 32 1 39 33 8 25 9 34 2 19 40 35 13 14 36 41 26 10 11 15 12 42 3 20 44 0 
 31 37 7 13 25 14 26 15 1 38 19 2 3 32 4 33 27 20 39 8 44 0 
 7 1 2 13 3 4 14 15 8 19 5 16 37 20 9 38 6 17 31 39 25 26 32 33 18 40 44 0 
 13 37 19 25 14 26 31 27 28 20 1 38 7 43 0 
 31 32 37 38 25 19 26 7 27 20 21 13 33 1 44 0 
 13 14 31 7 19 25 32 20 33 37 26 21 38 27 34 43 0 
 37 13 1 31 32 14 2 25 33 15 19 34 7 16 44 0 
 37 19 1 7 20 13 25 26 31 27 2 28 3 4 8 14 15 9 44 0 
 7 8 25 31 13 32 14 26 9 1 37 38 33 19 2 34 39 35 15 16 20 40 17 36 3 18 10 43 0 
 37 31 13 7 8 14 32 25 1 9 15 2 10 3 4 33 5 26 38 27 19 16 39 40 20 43 0 
 37 19 7 1 20 25 2 3 26 13 14 8 9 10 11 15 21 16 17 38 27 39 18 31 44 0 
 13 37 14 25 19 7 15 38 8 16 17 26 39 31 18 27 1 2 40 9 28 32 41 10 33 42 34 35 3 29 30 4 11 12 5 36 6 20 44 0 
 19 37 31 32 25 20 1 7 13 43 0 
 13 14 37 7 19 25 31 8 1 26 20 38 2 32 27 9 10 21 28 11 39 22 15 33 34 43 0 
 31 13 19 37 32 38 14 20 25 21 39 33 22 40 1 41 23 7 24 8 9 2 26 27 10 15 44 0 
 13 14 7 1 31 19 20 37 32 21 2 3 22 33 4 8 5 38 6 39 34 25 23 15 16 9 44 0 
 19 1 31 2 7 3 25 8 37 43 0 
 13 25 26 27 19 1 14 28 20 2 7 37 31 15 3 21 16 32 29 33 44 0 
 1 7 13 37 8 9 19 2 14 38 15 39 10 11 40 12 3 20 41 4 31 5 42 6 25 43 0 
 37 7 13 19 14 15 16 20 21 31 32 17 1 2 25 22 26 23 38 8 27 18 3 39 40 28 4 24 41 33 44 0 
 19 31 7 1 13 14 20 32 21 37 25 43 0 
 7 1 13 37 38 8 19 14 20 21 2 15 22 31 25 43 0 
 37 25 13 14 38 7 1 39 40 15 8 41 19 16 2 17 44 0 
 37 25 7 26 38 27 39 40 8 1 41 42 31 32 33 13 2 3 28 4 9 14 15 10 5 16 19 6 34 11 20 35 17 29 18 12 30 21 44 0 
 25 1 13 7 8 26 2 9 19 37 27 20 21 28 31 43 0 
 7 8 19 9 13 10 1 43 0 
 7 8 31 19 13 20 14 21 32 25 26 9 33 37 38 1 39 40 34 43 0 
 1 31 25 13 7 8 32 14 9 19 26 33 10 20 11 15 12 43 0 
 13 37 19 20 7 21 22 31 1 43 0 
 31 37 7 19 38 32 8 39 1 40 20 13 33 25 14 15 26 43 0 
 1 31 7 13 37 32 33 2 38 3 34 14 8 15 9 39 10 43 0 
 31 1 19 37 2 13 25 32 3 7 20 26 14 38 21 22 4 33 39 23 40 41 27 28 44 0 
 25 13 37 7 31 14 1 32 15 19 16 2 38 33 39 17 26 3 20 34 40 43 0 
 13 14 7 25 1 8 26 15 31 32 37 33 38 27 9 19 28 2 34 20 44 0 
 7 13 37 31 32 33 19 14 8 9 1 15 20 16 44 0 
 31 25 26 19 32 37 7 33 13 14 15 16 1 27 17 20 28 34 29 18 35 30 2 8 3 38 21 9 10 39 11 36 22 40 44 0 
 31 32 1 19 2 25 37 26 27 3 38 7 28 4 13 20 8 29 39 40 9 30 33 5 6 10 41 21 11 34 12 35 36 22 44 0 
 31 7 19 20 13 8 32 1 14 21 25 43 0 
 13 1 19 25 37 7 26 20 27 31 28 8 29 43 0 
 13 7 14 19 15 37 25 31 20 38 21 22 26 39 23 27 8 43 0 
 1 2 31 13 19 25 26 27 37 7 14 20 3 4 21 5 15 16 22 23 32 24 28 33 6 29 30 34 44 0 
 31 19 20 7 32 13 33 37 34 43 0 
 13 19 31 20 1 25 2 7 37 21 8 38 22 32 9 39 40 26 44 0 
 1 31 37 13 7 32 14 38 25 8 15 33 26 27 16 19 34 35 28 17 39 36 9 10 2 20 11 21 18 3 4 12 29 5 6 22 44 0 
